       DS       Amp   Amp_Err        Mu    Mu_Err     Sigma   Sigma_Err       Bkg   Bkg_Err       BkgSlope   BkgSlope_Err   Pk_Rate Pk_Rate_Err    Bkg_RateBkg_Rate_Err      Chi2         Ndf
       5_0 7.303e+01 1.215e+01 4.744e+03 4.603e+00 2.487e+01   5.026e+00 3.980e-01 2.159e-02     -3.032e-04      6.797e-05 3.394e+00   5.649e-01   1.850e-02   1.004e-03 2.375e+02         195
      10_0 4.828e+02 3.036e+01 4.675e+03 2.441e+00 3.554e+01   2.216e+00 1.847e+00 4.776e-02     -5.966e-04      1.487e-04 1.942e+01   1.221e+00   7.429e-02   1.921e-03 1.806e+02         195
      10_1 4.589e+02 2.951e+01 4.684e+03 2.169e+00 3.063e+01   2.106e+00 1.928e+00 4.831e-02     -6.232e-04      1.510e-04 1.834e+01   1.179e+00   7.705e-02   1.931e-03 2.121e+02         195
      10_2 5.061e+02 3.083e+01 4.682e+03 2.296e+00 3.439e+01   2.133e+00 1.892e+00 4.828e-02     -6.263e-04      1.527e-04 2.023e+01   1.232e+00   7.561e-02   1.929e-03 1.918e+02         195
      10_3 4.901e+02 2.986e+01 4.682e+03 2.140e+00 3.207e+01   2.019e+00 1.832e+00 4.720e-02     -5.753e-04      1.468e-04 1.959e+01   1.193e+00   7.323e-02   1.887e-03 2.132e+02         195
      10_4 5.094e+02 3.111e+01 4.679e+03 2.343e+00 3.501e+01   2.154e+00 1.917e+00 4.867e-02     -7.542e-04      1.506e-04 2.036e+01   1.244e+00   7.661e-02   1.945e-03 1.855e+02         195
      10_5 4.765e+02 3.035e+01 4.678e+03 2.425e+00 3.480e+01   2.228e+00 1.903e+00 4.840e-02     -5.887e-04      1.526e-04 1.905e+01   1.213e+00   7.609e-02   1.935e-03 2.075e+02         195
      10_6 3.140e+02 2.422e+01 4.681e+03 2.839e+00 3.375e+01   2.723e+00 1.163e+00 3.781e-02     -5.007e-04      1.182e-04 1.987e+01   1.532e+00   7.357e-02   2.392e-03 2.128e+02         195
      20_0 2.685e+02 2.949e+01 4.591e+03 3.095e+00 2.670e+01   3.914e+00 2.505e+00 5.565e-02     -6.619e-04      1.733e-04 8.433e+00   9.263e-01   7.870e-02   1.748e-03 2.439e+02         195
      30_0 1.744e+02 2.221e+01 4.547e+03 3.063e+00 2.163e+01   3.358e+00 2.089e+00 4.899e-02     -7.619e-04      1.583e-04 6.970e+00   8.879e-01   8.350e-02   1.959e-03 2.130e+02         195
      30_1 2.210e+02 2.235e+01 4.542e+03 2.473e+00 2.227e+01   2.585e+00 1.832e+00 4.590e-02     -4.611e-04      1.493e-04 1.015e+01   1.026e+00   8.412e-02   2.107e-03 1.828e+02         195
      40_0 3.737e+02 2.833e+01 4.488e+03 2.562e+00 3.023e+01   2.321e+00 2.193e+00 5.116e-02     -3.694e-04      1.609e-04 1.494e+01   1.133e+00   8.767e-02   2.045e-03 2.009e+02         195
      40_1 3.927e+02 2.688e+01 4.501e+03 1.859e+00 2.417e+01   1.753e+00 2.061e+00 4.885e-02     -6.287e-04      1.578e-04 1.570e+01   1.075e+00   8.240e-02   1.953e-03 2.476e+02         195
      40_2 4.855e+02 2.973e+01 4.507e+03 1.861e+00 2.757e+01   1.811e+00 2.073e+00 4.969e-02     -3.578e-04      1.585e-04 1.941e+01   1.188e+00   8.288e-02   1.986e-03 1.654e+02         195
      40_3 3.255e+02 2.509e+01 4.502e+03 2.507e+00 2.955e+01   2.544e+00 1.404e+00 4.127e-02     -5.292e-04      1.299e-04 1.832e+01   1.412e+00   7.905e-02   2.323e-03 2.276e+02         195
      50_0 4.869e+02 3.059e+01 4.376e+03 2.035e+00 2.901e+01   1.815e+00 2.437e+00 5.546e-02     -7.781e-04      1.732e-04 1.946e+01   1.223e+00   9.742e-02   2.217e-03 2.066e+02         195
      50_1 6.255e+02 3.428e+01 4.381e+03 2.092e+00 3.474e+01   1.842e+00 2.421e+00 5.446e-02     -3.739e-04      1.700e-04 2.551e+01   1.398e+00   9.873e-02   2.221e-03 2.139e+02         195
      50_2 5.826e+02 3.296e+01 4.389e+03 1.948e+00 3.141e+01   1.815e+00 2.403e+00 5.386e-02     -8.201e-04      1.706e-04 2.329e+01   1.318e+00   9.607e-02   2.153e-03 2.003e+02         195
      50_3 5.285e+02 3.232e+01 4.400e+03 2.132e+00 3.198e+01   2.048e+00 2.310e+00 5.386e-02     -6.480e-04      1.638e-04 2.116e+01   1.294e+00   9.251e-02   2.157e-03 2.185e+02         195
      50_4 5.816e+02 3.267e+01 4.412e+03 1.974e+00 3.207e+01   1.843e+00 2.244e+00 5.221e-02     -6.005e-04      1.651e-04 2.372e+01   1.333e+00   9.155e-02   2.130e-03 1.631e+02         195
      50_5 6.217e+02 3.315e+01 4.417e+03 1.871e+00 3.202e+01   1.722e+00 2.229e+00 5.199e-02     -5.503e-04      1.622e-04 2.536e+01   1.352e+00   9.092e-02   2.120e-03 2.181e+02         195
      50_6 2.630e+02 2.117e+01 4.430e+03 2.454e+00 2.753e+01   2.286e+00 1.010e+00 3.452e-02     -3.274e-04      1.097e-04 2.249e+01   1.810e+00   8.637e-02   2.952e-03 2.192e+02         195
      60_0 8.497e+02 3.790e+01 4.298e+03 1.648e+00 3.389e+01   1.542e+00 2.484e+00 5.535e-02     -1.053e-03      1.719e-04 3.538e+01   1.578e+00   1.034e-01   2.305e-03 1.977e+02         195
      60_1 7.303e+02 3.648e+01 4.307e+03 1.883e+00 3.479e+01   1.858e+00 2.375e+00 5.449e-02     -7.784e-04      1.668e-04 3.124e+01   1.561e+00   1.016e-01   2.331e-03 2.079e+02         195
      70_0 9.869e+02 4.032e+01 4.167e+03 1.725e+00 3.732e+01   1.520e+00 2.537e+00 5.740e-02     -1.132e-03      1.999e-04 3.945e+01   1.612e+00   1.014e-01   2.294e-03 1.831e+02         195
      70_1 9.633e+02 3.909e+01 4.181e+03 1.716e+00 3.886e+01   1.499e+00 2.071e+00 5.128e-02     -7.935e-04      1.566e-04 4.411e+01   1.790e+00   9.482e-02   2.348e-03 1.975e+02         195
      80_0 1.404e+03 4.769e+01 4.003e+03 1.848e+00 4.901e+01   1.615e+00 2.818e+00 6.218e-02     -6.157e-04      1.837e-04 5.613e+01   1.906e+00   1.126e-01   2.485e-03 1.869e+02         195
      80_1 1.074e+03 3.975e+01 4.088e+03 1.394e+00 3.454e+01   1.218e+00 2.242e+00 5.611e-02     -8.324e-04      1.646e-04 5.424e+01   2.007e+00   1.132e-01   2.834e-03 1.875e+02         195
      90_0 1.693e+03 5.166e+01 3.939e+03 1.590e+00 4.851e+01   1.450e+00 2.829e+00 6.225e-02     -9.627e-04      1.842e-04 6.846e+01   2.089e+00   1.144e-01   2.517e-03 2.137e+02         195
     100_0 1.113e+03 4.255e+01 3.900e+03 1.852e+00 4.510e+01   1.717e+00 2.021e+00 5.211e-02     -2.538e-04      1.561e-04 5.878e+01   2.248e+00   1.068e-01   2.753e-03 2.189e+02         195
     110_0 1.617e+03 4.950e+01 3.807e+03 1.387e+00 4.215e+01   1.211e+00 2.763e+00 6.010e-02     -9.949e-04      1.802e-04 6.439e+01   1.971e+00   1.101e-01   2.394e-03 1.755e+02         195
     120_0 1.622e+03 5.153e+01 3.684e+03 1.801e+00 5.263e+01   1.541e+00 2.761e+00 6.190e-02     -9.703e-04      1.802e-04 6.615e+01   2.102e+00   1.126e-01   2.525e-03 2.312e+02         195
     130_0 1.683e+03 5.498e+01 3.450e+03 1.741e+00 4.989e+01   1.611e+00 3.544e+00 6.983e-02     -1.439e-03      2.072e-04 6.467e+01   2.113e+00   1.362e-01   2.684e-03 2.142e+02         195
     140_0 1.515e+03 6.111e+01 3.046e+03 2.739e+00 6.687e+01   2.512e+00 3.500e+00 7.805e-02     -1.327e-03      2.312e-04 7.207e+01   2.908e+00   1.666e-01   3.714e-03 1.803e+02         185
     140_1 1.428e+03 5.782e+01 3.279e+03 2.539e+00 6.254e+01   2.333e+00 3.455e+00 7.586e-02     -1.377e-03      2.356e-04 6.396e+01   2.589e+00   1.547e-01   3.397e-03 2.437e+02         185
     150_0 2.133e+03 2.229e+02 2.827e+03 4.488e+00 1.014e+02   6.266e+00 2.452e+00 2.795e-01      2.060e-03      1.185e-03 1.020e+02   1.066e+01   1.173e-01   1.337e-02 1.419e+02         130
     150_1 1.633e+03 6.187e+01 3.156e+03 2.911e+00 7.423e+01   2.565e+00 3.546e+00 7.576e-02     -1.660e-03      2.091e-04 6.334e+01   2.400e+00   1.376e-01   2.939e-03 1.842e+02         195
     160_1 1.634e+03 1.005e+02 2.923e+03 4.271e+00 8.912e+01   4.446e+00 3.563e+00 1.379e-01     -2.131e-03      4.857e-04 6.705e+01   4.124e+00   1.462e-01   5.661e-03 1.577e+02         145
     170_0 1.324e+03 4.664e+01 2.741e+03 3.911e+01 5.865e+01   5.727e+00 1.635e-01 2.113e-02      0.000e+00      0.000e+00 6.934e+01   2.443e+00   8.565e-03   1.107e-03 4.536e+02         294
     180_0 2.423e+03 9.388e+01 2.436e+03 8.739e+00 5.754e+01   6.757e+00 7.903e-02 1.712e-02      0.000e+00      0.000e+00 1.110e+02   4.302e+00   3.622e-03   7.846e-04 2.824e+02         264
     250_0 1.263e+03 4.430e+01 3.341e+03 1.875e+00 4.978e+01   1.635e+00 2.006e+00 5.225e-02     -1.038e-03      1.532e-04 4.785e+01   1.679e+00   7.602e-02   1.980e-03 2.193e+02         195
     260_0 1.733e+03 4.998e+01 3.518e+03 1.849e+00 6.038e+01   1.622e+00 1.652e+00 4.967e-02     -7.105e-04      1.385e-04 6.929e+01   1.998e+00   6.601e-02   1.985e-03 2.254e+02         195
     260_1 1.969e+03 5.332e+01 3.521e+03 1.630e+00 5.627e+01   1.391e+00 1.990e+00 5.350e-02     -9.696e-04      1.552e-04 6.559e+01   1.776e+00   6.626e-02   1.782e-03 2.334e+02         195
     260_2 2.078e+03 5.623e+01 3.515e+03 1.675e+00 5.897e+01   1.424e+00 2.249e+00 5.880e-02     -9.412e-04      1.636e-04 6.414e+01   1.736e+00   6.942e-02   1.815e-03 2.452e+02         195
     270_0 1.718e+03 4.786e+01 3.689e+03 1.608e+00 5.378e+01   1.356e+00 1.621e+00 4.774e-02     -8.265e-04      1.378e-04 6.626e+01   1.846e+00   6.254e-02   1.841e-03 2.309e+02         195
     280_0 2.631e+03 5.742e+01 3.863e+03 1.167e+00 4.978e+01   1.004e+00 2.260e+00 5.585e-02     -8.755e-04      1.580e-04 6.455e+01   1.409e+00   5.547e-02   1.370e-03 1.847e+02         195
     290_0 1.518e+03 4.412e+01 3.992e+03 1.352e+00 4.370e+01   1.132e+00 1.329e+00 4.185e-02     -5.209e-04      1.245e-04 6.171e+01   1.793e+00   5.399e-02   1.701e-03 2.042e+02         195
     300_0 1.699e+03 4.635e+01 4.081e+03 1.114e+00 3.820e+01   9.353e-01 1.606e+00 4.537e-02     -4.254e-04      1.400e-04 6.791e+01   1.853e+00   6.420e-02   1.813e-03 3.493e+02         195
     300_1 1.582e+03 4.469e+01 4.090e+03 1.227e+00 4.059e+01   1.020e+00 1.607e+00 4.528e-02     -5.710e-04      1.381e-04 6.322e+01   1.786e+00   6.423e-02   1.810e-03 9.401e+02         195
     300_2 1.716e+03 4.656e+01 4.097e+03 1.119e+00 3.869e+01   9.633e-01 1.540e+00 4.461e-02     -3.123e-04      1.381e-04 6.586e+01   1.786e+00   5.907e-02   1.712e-03 2.299e+02         195
     310_0 1.640e+03 4.282e+01 4.192e+03 1.088e+00 3.704e+01   9.067e-01 1.480e+00 4.327e-02     -4.808e-04      1.336e-04 6.554e+01   1.711e+00   5.917e-02   1.729e-03 2.414e+02         195
     310_1 1.078e+03 3.649e+01 4.187e+03 1.340e+00 3.620e+01   1.171e+00 1.084e+00 3.743e-02     -3.789e-04      1.151e-04 6.637e+01   2.248e+00   6.680e-02   2.306e-03 2.422e+02         195
     320_0 6.258e+02 2.735e+01 4.288e+03 1.648e+00 3.370e+01   1.344e+00 5.152e-01 2.517e-02     -1.848e-04      7.856e-05 6.603e+01   2.886e+00   5.437e-02   2.656e-03 2.398e+02         195
     330_0 1.541e+03 4.362e+01 4.350e+03 9.254e-01 3.019e+01   8.336e-01 1.711e+00 4.575e-02     -5.700e-04      1.454e-04 6.160e+01   1.743e+00   6.839e-02   1.829e-03 2.074e+02         195
     330_1 1.191e+03 3.730e+01 4.368e+03 1.019e+00 3.003e+01   8.718e-01 1.107e+00 3.661e-02     -5.945e-04      1.154e-04 6.402e+01   2.005e+00   5.950e-02   1.968e-03 5.976e+02         195
     340_0 1.583e+03 4.347e+01 4.432e+03 8.289e-01 2.830e+01   7.565e-01 1.523e+00 4.300e-02     -6.236e-04      1.363e-04 6.332e+01   1.738e+00   6.089e-02   1.719e-03 7.135e+02         195
     340_1 1.650e+03 4.438e+01 4.438e+03 8.460e-01 2.922e+01   7.546e-01 1.404e+00 4.148e-02     -4.622e-04      1.318e-04 6.596e+01   1.774e+00   5.611e-02   1.658e-03 2.253e+02         195
     350_0 1.587e+03 4.398e+01 4.454e+03 8.495e-01 2.802e+01   7.639e-01 1.754e+00 4.634e-02     -3.430e-04      1.496e-04 6.345e+01   1.758e+00   7.010e-02   1.852e-03 2.092e+02         195
     350_1 1.609e+03 4.490e+01 4.482e+03 8.230e-01 2.683e+01   7.840e-01 1.808e+00 4.706e-02     -7.092e-04      1.499e-04 7.478e+01   2.087e+00   8.405e-02   2.187e-03 2.711e+02         195
     360_0 1.559e+03 4.255e+01 4.502e+03 7.138e-01 2.375e+01   6.295e-01 1.886e+00 4.688e-02     -8.747e-04      1.529e-04 6.230e+01   1.701e+00   7.539e-02   1.874e-03 2.422e+02         195
     360_1 1.607e+03 4.453e+01 4.500e+03 7.433e-01 2.457e+01   6.955e-01 1.933e+00 4.800e-02     -7.719e-04      1.562e-04 6.421e+01   1.780e+00   7.727e-02   1.918e-03 5.429e+02         195
     360_2 1.931e+03 4.835e+01 4.500e+03 6.434e-01 2.374e+01   5.799e-01 2.304e+00 5.202e-02     -9.842e-04      1.684e-04 6.424e+01   1.609e+00   7.666e-02   1.731e-03 2.533e+02         195
     360_3 2.058e+03 4.954e+01 4.496e+03 6.763e-01 2.559e+01   6.021e-01 2.333e+00 5.180e-02     -6.866e-04      1.670e-04 6.276e+01   1.511e+00   7.113e-02   1.580e-03 2.428e+02         195
     370_0 1.716e+03 4.468e+01 4.544e+03 7.013e-01 2.383e+01   6.337e-01 2.037e+00 4.927e-02     -1.003e-03      1.569e-04 6.543e+01   1.704e+00   7.770e-02   1.879e-03 2.535e+02         195
     380_0 1.883e+03 4.730e+01 4.583e+03 6.238e-01 2.270e+01   5.253e-01 2.218e+00 5.106e-02     -5.466e-04      1.641e-04 6.416e+01   1.612e+00   7.558e-02   1.740e-03 2.379e+02         195
     390_0 1.611e+03 4.477e+01 4.636e+03 9.609e-01 3.167e+01   8.581e-01 1.832e+00 4.776e-02     -3.386e-04      1.496e-04 6.518e+01   1.811e+00   7.409e-02   1.932e-03 1.973e+02         195
     400_0 2.346e+02 2.164e+01 4.694e+03 3.022e+00 2.916e+01   2.945e+00 1.090e+00 3.629e-02     -5.123e-04      1.145e-04 1.550e+01   1.430e+00   7.207e-02   2.399e-03 2.192e+02         195
     400_1 3.822e+02 2.386e+01 4.745e+03 1.614e+00 2.303e+01   1.511e+00 1.174e+00 3.681e-02     -6.765e-04      1.207e-04 1.528e+01   9.536e-01   4.692e-02   1.471e-03 2.265e+02         195
     400_2 4.028e+02 2.629e+01 4.734e+03 2.007e+00 2.697e+01   2.121e+00 1.218e+00 3.870e-02     -7.433e-04      1.208e-04 1.610e+01   1.051e+00   4.869e-02   1.547e-03 2.832e+02         195
     400_3 3.788e+02 2.425e+01 4.746e+03 1.694e+00 2.325e+01   1.691e+00 1.162e+00 3.698e-02     -4.747e-04      1.218e-04 1.589e+01   1.017e+00   4.876e-02   1.551e-03 2.313e+02         195
       195_0 3.199e+02 2.138e+01 5.345e+03 4.231e+00 9.191e+00   2.036e+00 4.501e-01 1.977e-02      0.000e+00      0.000e+00 3.884e+00   2.595e-01   5.464e-03   2.400e-04 3.348e+02         274
       185_0 7.034e+01 1.233e+01 5.303e+03 7.976e+00 1.563e+01   4.186e+00 7.412e-01 2.387e-02      0.000e+00      0.000e+00 4.913e-01   8.609e-02   5.177e-03   1.667e-04 3.138e+02         274
       190_0 1.613e+02 1.610e+01 5.298e+03 5.383e+00 3.144e+01   3.783e+00 2.062e-01 1.408e-02      0.000e+00      0.000e+00 3.490e+00   3.485e-01   4.464e-03   3.048e-04 3.322e+02         274
